2.22227358060621
2.19681129189760
2.17164077139772
2.14675867609860
2.12216170129930
2.09784658016701
2.07381008330313
2.05004901831438
2.02656022938882
2.00334059687669
1.98038703687608
1.95769650082334
1.93526597508821
1.91309248057352
1.89117307231959
1.86950483911304
1.84808490310014
1.82691041940463
1.80597857574987
1.78528659208527
1.76483172021715
1.74461124344368
1.72462247619407
1.70486276367190
1.68532948150254
1.66602003538455
1.64693186074515
1.62806242239961
1.60940921421454
1.59096975877503
1.57274160705560
1.55472233809498
1.53690955867451
1.51930090300036
1.50189403238923
1.48468663495783
1.46767642531576
1.45086114426200
1.43423855848488
1.41780646026543
1.40156266718416
1.38550502183125
1.36963139151996
1.35393966800341
1.33842776719456
1.32309362888944
1.30793521649348
1.29295051675105
1.27813753947809
1.26349431729774
1.24901890537907
1.23470938117877
1.22056384418583
1.20658041566909
1.19275723842774
1.17909247654466
1.16558431514257
1.15223096014300
1.13903063802798
1.12598159560456
1.11308209977187
1.10033043729104
1.08772491455755
1.07526385737638
1.06294561073962
1.05076853860665
1.03873102368687
1.02683146722491
1.01506828878825
1.00343992605736
0.991944834618179
0.980581487756992
0.969348376257679
0.958244008201255
0.947266908767727
0.936415620040214
0.925688700811315
0.915084726391702
0.904602288420891
0.894239994680199
0.883996468907839
0.873870350616123
0.863860294910781
0.853964972312334
0.844183068579519
0.834513284534745
0.824954335891539
0.815504953083973
0.806163881098055
0.796929879305037
0.787801721296648
0.778778194722206
0.769858101127602
0.761040255796129
0.752323487591136
0.743706638800478
0.735188564982766
0.726768134815361
0.718444229944119
0.710215744834864
0.702081586626550
0.694040674986120
0.686091941965017
0.678234331857351
0.670466801059684
0.662788317932423
0.655197862662807
0.647694427129461
0.640277014768504
0.632944640441189
0.625696330303066
0.618531121674641
0.611448062913519
0.604446213288013
0.597524642852201
0.590682432322418
0.583918672955163
0.577232466426402
0.570622924712264
0.564089169971095
0.557630334426872
0.551245560253948
0.544933999463124
0.538694813789022
0.532527174578755
0.526430262681870
0.520403268341553
0.514445391087085
0.508555839627529
0.502733831746632
0.496978594198943
0.491289362607114
0.485665381360378
0.480105903514198
0.474610190691062
0.469177512982419
0.463807148851736
0.458498385038670
0.453250516464338
0.448062846137677
0.442934685062871
0.437865352147847
0.432854174113818
0.427900485405864
0.423003628104536
0.418162951838483
0.413377813698069
0.408647578149992
0.403971616952876
0.399349309073835
0.394780040605996
0.390263204686959
0.385798201418210
0.381384437785437
0.377021327579783
0.372708291319985
0.368444756175415
0.364230155890006
0.360063930707046
0.355945527294839
0.351874398673215
0.347850004140894
0.343871809203669
0.339939285503426
0.336051910747975
0.332209168641685
0.328410548816916
0.324655546766242
0.320943663775449
0.317274406857303
0.313647288686080
0.310061827532847
0.306517547201490
0.303013976965467
0.299550651505303
0.296127110846789
0.292742900299903
0.289397570398419
0.286090676840227
0.282821780428325
0.279590447012497
0.276396247431657
0.273238757456861
0.270117557734971
0.267032233732963
0.263982375682888
0.260967578527449
0.257987441866221
0.255041569902475
0.252129571390627
0.249251059584280
0.246405652184872
0.243592971290913
0.240812643347803
0.238064299098234
0.235347573533159
0.232662105843324
0.230007539371363
0.227383521564444
0.224789703927456
0.222225741976739
0.219691295194350
0.217186026982850
0.214709604620618
0.212261699217677
0.209841985672029
0.207450142626496
0.205085852426061
0.202748801075693
0.200438678198669
0.198155176995371
0.195897994202560
0.193666830053120
0.191461388236273
0.189281375858241
0.187126503403378
0.184996484695741
0.182891036861108
0.180809880289437
0.178752738597762
0.176719338593508
0.174709410238247
0.172722686611857
0.170758903877111
0.168817801244668
0.166899120938469
0.165002608161543
0.163128011062203
0.161275080700634
0.159443571015874
0.157633238793177
0.155843843631752
0.154075147912883
0.152326916768414
0.150598918049610
0.148890922296370
0.147202702706808
0.145534035107182
0.143884697922181
0.142254472145553
0.140643141311080
0.139050491463892
0.137476311132113
0.135920391298850
0.134382525374492
0.132862509169355
0.131360140866635
0.129875220995680
0.128407552405580
0.126956940239070
0.125523191906734
0.124106117061516
0.122705527573540
0.121321237505211
0.119953063086630
0.118600822691286
0.117264336812043
0.115943428037413
0.114637921028109
0.113347642493877
0.112072421170610
0.110812087797726
0.109566475095829
0.108335417744627
0.107118752361124
0.105916317478067
0.104727953522662
0.103553502795537
0.102392809449971
0.101245719471364
0.100112080656968
0.0989917425958553
0.0978845566491393
0.0967903759304345
0.0957090552865573
0.0946404512784650
0.0935844221624312
0.0925408278714539
0.0915095299968965
0.0904903917703564
0.0894832780457633
0.0884880552817008
0.0875045915239529
0.0865327563882712
0.0855724210433627
0.0846234581940945
0.0836857420649152
0.0827591483834907
0.0818435543645525
0.0809388386939574
0.0800448815129565
0.0791615644026724
0.0782887703687830
0.0774263838264104
0.0765742905852134
0.0757323778346830
0.0749005341296388
0.0740786493759257
0.0732666148163092
0.0724643230165692
0.0716716678517898
0.0708885444928464
0.0701148493930861
0.0693504802752041
0.0685953361183124
0.0678493171452021
0.0671123248097973
0.0663842617848016
0.0656650319495353
0.0649545403779633
0.0642526933269146
0.0635593982244911
0.0628745636586683
0.0621980993660843
0.0615299162210215
0.0608699262245771
0.0602180424940251
0.0595741792523707
0.0589382518180943
0.0583101765950899
0.0576898710627959
0.0570772537665195
0.0564722443079568
0.0558747633359088
0.0552847325371947
0.0547020746277640
0.0541267133440095
0.0535585734342815
0.0529975806506070
0.0524436617406144
0.0518967444396669
0.0513567574632064
0.0508236304993116
0.0502972942014714
0.0497776801815791
0.0492647210031483
0.0487583501747556
0.0482585021437139
0.0477651122899798
0.0472781169202994
0.0467974532625984
0.0463230594606200
0.0458548745688170
0.0453928385475034
0.0449368922582720
0.0444869774596833
0.0440430368032348
0.0436050138296154
0.0431728529652547
0.0427464995191747
0.0423258996801525
0.0419110005142042
0.0415017499623986
0.0410980968390129
0.0406999908300398
0.0403073824920593
0.0399202232514875
0.0395384654042147
0.0391620621156486
0.0387909674211770
0.0384251362270647
0.0380645243118045
0.0377090883279369
0.0373587858043602
0.0370135751491499
0.0366734156529096
0.0363382674926756
0.0360080917364000
0.0356828503480382
0.0353625061932672
0.0350470230458649
0.0347363655947808
0.0344304994519311
0.0341293911607527
0.0338330082055537
0.0335413190217001
0.0332542930066799
0.0329719005320902
0.0326941129565951
0.0324209026399034
0.0321522429578230
0.0318881083184472
0.0316284741795355
0.0313733170671542
0.0311226145956472
0.0308763454890103
0.0306344896037509
0.0303970279533159
0.0301639427341806
0.0299352173536952
0.0297108364597931
0.0294907859726724
0.0292750531185695
0.0290636264657540
0.0288564959628797
0.0286536529798404
0.0284550903512868
0.0282608024229743
0.0280707851011225
0.0278850359049823
0.0277035540228190
0.0275263403715381
0.0273533976601958
0.0271847304576547
0.0270203452646676
0.0268602505906910
0.0267044570357568
0.0265529773777536
0.0264058266654995
0.0262630223180182
0.0261245842304618
0.0259905348871630
0.0258608994823360
0.0257357060489900
0.0256149855966662
0.0254987722586590
0.0253871034494402
0.0252800200330639
0.0251775665033980
0.0250797911770997
0.0249867464003345
0.0248984887703218
0.0248150793728886
0.0247365840373161
0.0246630736098763
0.0245946242475831
0.0245313177338176
0.0244732418176356
0.0244204905787288
0.0243731648201917
0.0243313724914363
0.0242952291438117
0.0242648584217172
0.0242403925922464
0.0242219731166749
0.0242097512673987
0.0242038887942498
0.0242045586444603
0.0242119457409117
0.0242262478237011
0.0242476763604693
0.0242764575313699
0.0243128332950084
0.0243570625421393
0.0244094223443631
0.0244702093055053
0.0245397410237613
0.0246183576730262
0.0247064237120605
0.0248043297302177
0.0249124944383067
0.0250313668126888
0.0251614283997877
0.0253031957866570
0.0254572232408801
0.0256241055195786
0.0258044808422937
0.0259990340154641
0.0262084996864848
0.0264336656919963
0.0266753764469680
0.0269345362967435
0.0272121127215098
0.0275091392389706
0.0278267177929018
0.0281660203382160
0.0285282892313400
0.0289148359005612
0.0293270370949308
0.0297663277801831
0.0302341894509193
0.0307321322418285
0.0312616687258297
0.0318242766605576
0.0324213471639761
0.0330541138483476
0.0337235573184747
0.0344302781778817
0.0351743303814627
0.0359550056313952
0.0367705589214337
0.0376178659565721
0.0384920060676369
0.0393857709617648
0.0402891122801587
0.0411885618542676
0.0420666897129283
0.0429017062468766
0.0436673617815450
0.0443333364079777
0.0448663220957203
0.0452319464855264
0.0453975454478864
0.0453355579103516
0.0450270416993453
0.0444646007198340
0.0436539988316300
0.0426139831212029
0.0413742911388735
0.0399722959442717
0.0384490498104425
0.0368455177487462
0.0351995837925826
0.0335440981694723
0.0319059473637140
0.0303059479355539
0.0287592978891929
0.0272763347475838
0.0258634060377788
0.0245237234321617
0.0232581283530855
0.0220657380346483
0.0209444672516811
0.0198914354224151
0.0189032752877826
0.0179763609894368
0.0171069723527129
0.0162914099750537
0.0155260731721248
0.0148075103897064
0.0141324495500386
0.0134978140275936
0.0129007285302474
0.0123385180545701
0.0118087022356433
0.0113089867709275
0.0108372531189182
0.0103915473189906
0.00997006851878352
0.00957115760615653
0.00919328620604782
0.00883504620475630
0.00849513989493156
0.00817237078619633
0.00786563509313205
0.00757391389011752
0.00729626590812398
0.00703182093976910
0.00677977381406125
0.00653937890012142
0.00630994509888390
0.00609083128272135
0.00588144214466982
0.00568122442112610
0.00548966345433347
0.00530628006350826
0.00513062769598562
0.00496228983221142
0.00480087762073451
0.00464602772153703
0.00449740033806634
0.00435467742019874
0.00421756102207333
0.00408577180029143
0.00395904763939070
0.00383714239278287
0.00371982472850034
0.00360687707014033
0.00349809462433434
0.00339328448691684
0.00329226482072752
0.00319486409866542
0.00310092040622821
0.00301028079832223
0.00292280070562609
0.00283834338623686
0.00275677941873021
0.00267798623312670
0.00260184767658247
0.00252825361091509
0.00245709953933973
0.00238828626002883
0.00232171954432315
0.00225730983761627
0.00219497198110945
0.00213462495279261
0.00207619162615002
0.00201959854521937
0.00196477571475032
0.00191165640431516
0.00186017696532095
0.00181027665996041
0.00176189750121847
0.00171498410312418
0.00166948354050343
0.00162534521754853
0.00158252074457500
0.00154096382238653
0.00150063013371420
0.00146147724123809
0.00142346449173757
0.00138655292595114
0.00135070519375906
0.00131588547433082
0.00128205940090690
0.00124919398990818
0.00121725757408969
0.00118621973947564
0.00115605126583192
0.00112672407045001
0.00109821115503208
0.00107048655548224
0.00104352529442245
0.00101730333626446
0.000991797544680511
0.000966985642326813
0.000942846172683280
0.000919358463882620
0.000896502594410215
0.000874259360564189
0.000852610245572392
0.000831537390269799
0.000811023565246122
0.000791052144379290
0.000771607079675844
0.000752672877344367
0.000734234575032727
0.000716277720164286
0.000698788349312255
0.000681752968555178
0.000665158534760016
0.000648992437742597
0.000633242483258234
0.000617896876778167
0.000602944208010158
0.000588373436124017
0.000574173875645203
0.000560335182981748
0.000546847343551843
0.000533700659481283
0.000520885737841739
0.000508393479402514
0.000496215067869964
0.000484341959590244
0.000472765873692408
0.000461478782650143
0.000450472903241669
0.000439740687888421
0.000429274816354210
0.000419068187787567
0.000409113913090881
0.000399405307600844
0.000389935884065541
0.000380699345904297
0.000371689580737124
0.000362900654171312
0.000354326803833338
0.000345962433634913
0.000337802108262523
0.000329840547880399
0.000322072623037348
0.000314493349768356
0.000307097884882358
0.000299881521427961
0.000292839684329362
0.000285967926185034
0.000279261923222176
0.000272717471400215
0.000266330482657005
0.000260096981291669
0.000254013100478319
0.000248075078905158
0.000242279257533750
0.000236622076473469
0.000231100071966382
0.000225709873478048
0.000220448200889924
0.000215311861789247
0.000210297748852497
0.000205402837318670
0.000200624182548810
0.000195958917668375
0.000191404251289186
0.000186957465307851
0.000182615912777682
0.000178377015851274
0.000174238263791030
0.000170197211045027
0.000166251475385749
0.000162398736109319
0.000158636732292934
0.000154963261108355
0.000151376176189355
0.000147873386051136
0.000144452852559801
0.000141112589450068
0.000137850660889453
0.000134665180087256
0.000131554307946743
0.000128516251758963
0.000125549263936748
0.000122651640787443
0.000119821721323038
0.000117057886106363
0.000114358556132120
0.000111722191741519
0.000109147291569389
0.000106632391522630
0.000104176063788952
0.000101776915874872
9.94335896719780e-05
9.71447605505210e-05
9.49091364794167e-05
9.27254571717835e-05
9.05924932551731e-05
8.85090454656836e-05
8.64739438651727e-05
8.44860470808219e-05
8.25442415663271e-05
8.06474408840196e-05
7.87945850072470e-05
7.69846396423677e-05
7.52165955697379e-05
7.34894680030884e-05
7.18022959667169e-05
7.01541416899354e-05
6.85440900182373e-05
6.69712478406656e-05
6.54347435328816e-05
6.39337264154529e-05
6.24673662268956e-05
6.10348526110206e-05
5.96353946181518e-05
5.82682202197970e-05
5.69325758363679e-05
5.56277258775593e-05
5.43529522950093e-05
5.31075541468783e-05
5.18908471739931e-05
5.07021633872178e-05
4.95408506657213e-05
4.84062723658244e-05
4.72978069401198e-05
4.62148475665662e-05
4.51568017872712e-05
4.41230911566834e-05
4.31131508989252e-05
4.21264295740064e-05
4.11623887526663e-05
4.02205026995995e-05
3.93002580648320e-05
3.84011535830150e-05
3.75226997804194e-05
3.66644186894123e-05
3.58258435702112e-05
3.50065186397122e-05
3.42059988071992e-05
3.34238494167426e-05
3.26596459961071e-05
3.19129740119883e-05
3.11834286314082e-05
3.04706144891009e-05
2.97741454607272e-05
2.90936444417617e-05
2.84287431318984e-05
2.77790818248288e-05
2.71443092032474e-05
2.65240821389470e-05
2.59180654978669e-05
2.53259319499649e-05
2.47473617837838e-05
2.41820427255900e-05
2.36296697629644e-05
2.30899449727276e-05
2.25625773530877e-05
2.20472826599004e-05
2.15437832469333e-05
2.10518079100330e-05
2.05710917350915e-05
2.01013759497162e-05
1.96424077785065e-05
1.91939403018456e-05
1.87557323181171e-05
1.83275482092587e-05
1.79091578095680e-05
1.75003362776782e-05
1.71008639716228e-05
1.67105263269110e-05
1.63291137375380e-05
1.59564214398563e-05
1.55922493992354e-05
1.52364021994407e-05
1.48886889346625e-05
1.45489231041302e-05
1.42169225092453e-05
1.38925091531716e-05
1.35755091428222e-05
1.32657525931813e-05
1.29630735339058e-05
1.26673098181482e-05
1.23783030335470e-05
1.20958984153304e-05
1.18199447614823e-05
1.15502943499187e-05
1.12868028576262e-05
1.10293292817134e-05
1.07777358623298e-05
1.05318880074050e-05
1.02916542191655e-05
1.00569060223839e-05
9.82751789432016e-06
9.60336719631236e-06
9.38433410697789e-06
9.17030155698568e-06
8.96115516536136e-06
8.75678317728854e-06
8.55707640336993e-06
8.36192816031312e-06
8.17123421300684e-06
7.98489271795407e-06
7.80280416802955e-06
7.62487133852981e-06
7.45099923448486e-06
7.28109503920116e-06
7.11506806400654e-06
6.95282969916837e-06
6.79429336595684e-06
6.63937446982620e-06
6.48799035468721e-06
6.34006025824490e-06
6.19550526837626e-06
6.05424828052322e-06
5.91621395607671e-06
5.78132868172847e-06
5.64952052976750e-06
5.52071921929889e-06
5.39485607836325e-06
5.27186400693528e-06
5.15167744078097e-06
5.03423231615296e-06
4.91946603530435e-06
4.80731743280181e-06
4.69772674261895e-06
4.59063556599173e-06
4.48598684001805e-06
4.38372480698384e-06
4.28379498439879e-06
4.18614413572494e-06
4.09072024178200e-06
3.99747247281334e-06
3.90635116119751e-06
3.81730777478979e-06
3.73029489087934e-06
3.64526617074743e-06
3.56217633481270e-06
3.48098113834977e-06
3.40163734776782e-06
3.32410271743610e-06
3.24833596704351e-06
3.17429675948000e-06
3.10194567922741e-06
3.03124421124810e-06
2.96215472035960e-06
2.89464043108417e-06
2.82866540796203e-06
2.76419453631764e-06
2.70119350346843e-06
2.63962878036575e-06
2.57946760365797e-06
2.52067795816594e-06
2.46322855976132e-06
2.40708883863832e-06
2.35222892296986e-06
2.29861962293913e-06
2.24623241513795e-06
2.19503942732344e-06
2.14501342352459e-06
2.09612778949080e-06
2.04835651847436e-06
2.00167419733923e-06
1.95605599298855e-06
1.91147763910346e-06
1.86791542318621e-06
1.82534617390029e-06
1.78374724870096e-06
1.74309652174935e-06
1.70337237210359e-06
1.66455367218066e-06
1.62661977648264e-06
1.58955051058130e-06
1.55332616035507e-06
1.51792746147261e-06
1.48333558911724e-06
1.44953214794672e-06
1.41649916228298e-06
1.38421906652649e-06
1.35267469579006e-06
1.32184927674708e-06
1.29172641868930e-06
1.26229010478922e-06
1.23352468356245e-06
1.20541486052546e-06
1.17794569004428e-06
1.15110256736953e-06
1.12487122085385e-06
1.09923770434722e-06
1.07418838976631e-06
1.04970995983372e-06
1.02578940098328e-06
1.00241399642761e-06
9.79571319384189e-07
9.57249226456245e-07
9.35435851165043e-07
9.14119597629983e-07
8.93289134393167e-07
8.72933388385117e-07
8.53041539028411e-07
8.33603012476063e-07
8.14607475981573e-07
7.96044832397618e-07
7.77905214800447e-07
7.60178981237092e-07
7.42856709592581e-07
7.25929192574417e-07
7.09387432811616e-07
6.93222638065701e-07
6.77426216551078e-07
6.61989772362290e-07
6.46905101005706e-07
6.32164185033253e-07
6.17759189775851e-07
6.03682459174283e-07
5.89926511705249e-07
5.76484036400446e-07
5.63347888956536e-07
5.50511087933925e-07
5.37966811042318e-07
5.25708391511076e-07
5.13729314542413e-07
5.02023213845576e-07
4.90583868250112e-07
4.79405198396446e-07
4.68481263501994e-07
4.57806258201077e-07
4.47374509456955e-07
4.37180473544332e-07
4.27218733100726e-07
4.17483994245113e-07
4.07971083762335e-07
3.98674946351740e-07
3.89590641938611e-07
3.80713343046932e-07
3.72038332232096e-07
3.63560999572194e-07
3.55276840216526e-07
3.47181451990053e-07
3.39270533052485e-07
3.31539879610785e-07
3.23985383683844e-07
3.16603030918147e-07
3.09388898453278e-07
3.02339152836094e-07
2.95450047982488e-07
2.88717923185640e-07
2.82139201169695e-07
2.75710386187830e-07
2.69428062163705e-07
2.63288890875298e-07
2.57289610180160e-07
2.51427032281143e-07
2.45698042031686e-07
2.40099595279738e-07
2.34628717249459e-07
2.29282500959812e-07
2.24058105679228e-07
2.18952755415505e-07
2.13963737440140e-07
2.09088400846309e-07
2.04324155139737e-07
1.99668468861685e-07
1.95118868243346e-07
1.90672935890917e-07
1.86328309500649e-07
1.82082680603201e-07
1.77933793336619e-07
1.73879443247290e-07
1.69917476118233e-07
1.66045786824108e-07
1.62262318212321e-07
1.58565060009647e-07
1.54952047753774e-07
1.51421361749206e-07
1.47971126046970e-07
1.44599507447585e-07
1.41304714526752e-07
1.38084996683266e-07
1.34938643208623e-07
1.31863982377842e-07
1.28859380561008e-07
1.25923241355074e-07
1.23054004735447e-07
1.20250146226919e-07
1.17510176093490e-07
1.14832638546672e-07
1.12216110971822e-07
1.09659203172123e-07
1.07160556629792e-07
1.04718843784129e-07
1.02332767326027e-07
1.00001059508550e-07