0.0100000000000000
0.0101159111222383
0.0102331657833025
0.0103517795563018
0.0104717681948552
0.0105931476351837
0.0107159339982267
0.0108401435917833
0.0109657929126781
0.0110928986489522
0.0112214776820798
0.0113515470892100
0.0114831241454351
0.0116162263260850
0.0117508713090481
0.0118870769771190
0.0120248614203741
0.0121642429385737
0.0123052400435926
0.0124478714618791
0.0125921561369415
0.0127381132318648
0.0128857621318552
0.0130351224468151
0.0131862140139475
0.0133390569003906
0.0134936714058831
0.0136500780654601
0.0138082976521809
0.0139683511798874
0.0141302599059953
0.0142940453343176
0.0144597292179202
0.0146273335620113
0.0147968806268640
0.0149683929307726
0.0151418932530435
0.0153174046370208
0.0154949503931463
0.0156745541020560
0.0158562396177114
0.0160400310705682
0.0162259528707809
0.0164140297114447
0.0166042865718753
0.0167967487209265
0.0169914417203463
0.0171883914281715
0.0173876240021625
0.0175891659032773
0.0177930438991858
0.0179992850678248
0.0182079168009946
0.0184189668079971
0.0186324631193156
0.0188484340903380
0.0190669084051225
0.0192879150802078
0.0195114834684662
0.0197376432630026
0.0199664245010979
0.0201978575681988
0.0204319732019527
0.0206688024962908
0.0209083769055575
0.0211507282486879
0.0213958887134342
0.0216438908606402
0.0218947676285662
0.0221485523372636
0.0224052786930002
0.0226649807927369
0.0229276931286565
0.0231934505927443
0.0234622884814226
0.0237342425002387
0.0240093487686065
0.0242876438246045
0.0245691646298279
0.0248539485742980
0.0251420334814280
0.0254334576130465
0.0257282596744793
0.0260264788196901
0.0263281546564802
0.0266333272517498
0.0269420371368188
0.0272543253128103
0.0275702332560958
0.0278898029238044
0.0282130767593947
0.0285400976982924
0.0288709091735924
0.0292055551218275
0.0295440799888038
0.0298865287355038
0.0302329468440578
0.0305833803237843
0.0309378757173014
0.0312964801067075
0.0316592411198352
0.0320262069365765
0.0323974262952820
0.0327729484992338
0.0331528234231943
0.0335371015200293
0.0339258338274099
0.0343190719745904
0.0347168681892656
0.0351192753045073
0.0355263467657814
0.0359381366380463
0.0363546996129332
0.0367760910160103
0.0372023668141307
0.0376335836228654
0.0380697987140229
0.0385110700232557
0.0389574561577550
0.0394090164040345
0.0398658107358044
0.0403278998219371
0.0407953450345245
0.0412682084570295
0.0417465528925314
0.0422304418720667
0.0427199396630678
0.0432151112778976
0.0437160224824850
0.0442227398050590
0.0447353305449847
0.0452538627817017
0.0457784053837662
0.0463090280179974
0.0468458011587305
0.0473887960971765
0.0479380849508911
0.0484937406733524
0.0490558370636505
0.0496244487762892
0.0501996513311008
0.0507815211232767
0.0513701354335134
0.0519655724382766
0.0525679112201842
0.0531772317785097
0.0537936150398070
0.0544171428686589
0.0550478980785497
0.0556859644428641
0.0563314267060135
0.0569843705946914
0.0576448828292588
0.0583130511352622
0.0589889642550850
0.0596727119597331
0.0603643850607587
0.0610640754223204
0.0617718759733849
0.0624878807200689
0.0632121847581246
0.0639448842855694
0.0646860766154633
0.0654358601888324
0.0661943345877439
0.0669616005485322
0.0677377599751775
0.0685229159528406
0.0693171727615541
0.0701206358900718
0.0709334120498800
0.0717556091893693
0.0725873365081725
0.0734287044716677
0.0742798248256492
0.0751408106111697
0.0760117761795533
0.0768928372075831
0.0777841107128649
0.0786857150693685
0.0795977700231499
0.0805203967082548
0.0814537176628075
0.0823978568452852
0.0833529396509820
0.0843190929286626
0.0852964449974103
0.0862851256636690
0.0872852662384838
0.0882969995549409
0.0893204599858097
0.0903557834613893
0.0914031074875623
0.0924625711640574
0.0935343152029239
0.0946184819472200
0.0957152153899187
0.0968246611930312
0.0979469667069540
0.0990822809900380
0.100230754828387
0.101392540755882
0.102567793074442
0.103756667874519
0.104959323055823
0.106175918348300
0.107406615333343
0.108651577465254
0.109910970092950
0.111184960481927
0.112473717836475
0.113777413322149
0.115096220088503
0.116430313292088
0.117779870119712
0.119145069811978
0.120526093687084
0.121923125164911
0.123336349791378
0.124765955263087
0.126212131452255
0.127675070431927
0.129154966501488
0.130652016212472
0.132166418394661
0.133698374182495
0.135248087041788
0.136815762796747
0.138401609657313
0.140005838246810
0.141628661629920
0.143270295340983
0.144930957412622
0.146610868404698
0.148310251433610
0.150029332201922
0.151768339028341
0.153527502878042
0.155307057393346
0.157107238924745
0.158928286562298
0.160770442167382
0.162633950404819
0.164519058775366
0.166426017648590
0.168355080296120
0.170306502925284
0.172280544713139
0.174277467840892
0.176297537528721
0.178341022071001
0.180408192871938
0.182499324481615
0.184614694632455
0.186754584276108
0.188919277620767
0.191109062168914
0.193324228755505
0.195565071586595
0.197831888278416
0.200124979896904
0.202444650997680
0.204791209666509
0.207164967560207
0.209566239948043
0.211995345753607
0.214452607597167
0.216938351838518
0.219452908620331
0.221996611911996
0.224569799553977
0.227172813302691
0.229805998875885
0.232469705998565
0.235164288449435
0.237890104107889
0.240647515001542
0.243436887354311
0.246258591635055
0.249113002606779
0.252000499376409
0.254921465445142
0.257876288759380
0.260865361762255
0.263889081445751
0.266947849403432
0.270042071883777
0.273172159844138
0.276338529005317
0.279541599906786
0.282781797962534
0.286059553517574
0.289375301905095
0.292729483504282
0.296122543798803
0.299554933435981
0.303027108286640
0.306539529505653
0.310092663593193
0.313686982456688
0.317322963473498
0.321001089554317
0.324721849207313
0.328485736603004
0.332293251639897
0.336144900010877
0.340041193270371
0.343982648902292
0.347969790388769
0.352003147279668
0.356083255262928
0.360210656235707
0.364385898376354
0.368609536217216
0.372882130718284
0.377204249341700
0.381576466127125
0.385999361767977
0.390473523688556
0.394999546122065
0.399578030189527
0.404209583979631
0.408894822629486
0.413634368406328
0.418428850790158
0.423278906557355
0.428185179865241
0.433148322337640
0.438168993151419
0.443247859124040
0.448385594802119
0.453582882551019
0.458840412645476
0.464158883361278
0.469539001068006
0.474981480322850
0.480487043965513
0.486056423214214
0.491690357762803
0.497389595879007
0.503154894503806
0.508987019351968
0.514886745013750
0.520854855057766
0.526892142135067
0.532999408084409
0.539177464038750
0.545427130532983
0.551749237612913
0.558144624945496
0.564614141930367
0.571158647812643
0.577779011797050
0.584476113163364
0.591250841383188
0.598104096238094
0.605036787939122
0.612049837247670
0.619144175597785
0.626320745219869
0.633580499265825
0.640924401935645
0.648353428605472
0.655868565957143
0.663470812109235
0.671161176749628
0.678940681269611
0.686810358899531
0.694771254846024
0.702824426430835
0.710970943231243
0.719211887222119
0.727548352919623
0.735981447526577
0.744512291079514
0.753142016597437
0.761871770232300
0.770702711421230
0.779636013040523
0.788672861561415
0.797814457207663
0.807062014114950
0.816416760492147
0.825879938784427
0.835452805838287
0.845136633068472
0.854932706626838
0.864842327573172
0.874866812047991
0.885007491447343
0.895265712599640
0.905642837944529
0.916140245713852
0.926759330114688
0.937501501514529
0.948368186628592
0.959360828709314
0.970480887738030
0.981729840618884
0.993109181374980
1.00462042134681
1.01626508939300
1.02804473209331
1.03996091395412
1.05201521761616
1.06420924406472
1.07654461284232
1.08902296226373
1.10164594963366
1.11441525146679
1.12733256371049
1.14039960197003
1.15361810173648
1.16698981861715
1.18051652856881
1.19420002813353
1.20804213467733
1.22204468663149
1.23620954373677
1.25053858729039
1.26503372039590
1.27969686821594
1.29452997822792
1.30953502048267
1.32471398786612
1.34006889636395
1.35560178532937
1.37131471775395
1.38720978054162
1.40328908478587
1.41955476605010
1.43600898465126
1.45265392594678
1.46949180062482
1.48652484499786
1.50375532129974
1.52118551798611
1.53881775003835
1.55665435927106
1.57469771464309
1.59295021257212
1.61141427725302
1.63009236097974
1.64898694447107
1.66810053720006
1.68743567772738
1.70699493403841
1.72678090388436
1.74679621512725
1.76704352608895
1.78752552590424
1.80824493487795
1.82920450484629
1.85040701954230
1.87185529496558
1.89355217975630
1.91550055557353
1.93770333747799
1.96016347431919
1.98288394912707
2.00586777950823
2.02911801804668
2.05263775270925
2.07643010725577
2.10049824165392
2.12484535249888
2.14947467343798
2.17438947560008
2.19959306803007
2.22508879812837
2.25088005209546
2.27697025538168
2.30336287314213
2.33006141069692
2.35706941399673
2.38439047009372
2.41202820761801
2.43998629725955
2.46826845225569
2.49687842888433
2.52582002696278
2.55509709035251
2.58471350746956
2.61467321180109
2.64498018242772
2.67563844455205
2.70665207003324
2.73802517792786
2.76976193503689
2.80186655645920
2.83434330615131
2.86719649749377
2.90043049386399
2.93404970921579
2.96805860866560
3.00246170908555
3.03726357970331
3.07246884270900
3.10808217386906
3.14410830314726
3.18055201533292
3.21741815067637
3.25471160553185
3.29243733300777
3.33060034362459
3.36920570598027
3.40825854742345
3.44776405473446
3.48772747481418
3.52815411538088
3.56904934567523
3.61041859717334
3.65226736430818
3.69460120519930
3.73742574239106
3.78074666359935
3.82456972246700
3.86890073932798
3.91374560198038
3.95911026646846
4.00500075787361
4.05142317111465
4.09838367175726
4.14588849683291
4.19394395566719
4.24255643071778
4.29173237842216
4.34147833005509
4.39180089259609
4.44270674960688
4.49420266211914
4.54629546953240
4.59899209052244
4.65229952396019
4.70622484984128
4.76077523022637
4.81595791019235
4.87178021879463
4.92824957004051
4.98537346387389
5.04315948717136
5.10161531474983
5.16074871038591
5.22056752784698
5.28107971193433
5.34229329953835
5.40421642070591
5.46685729972018
5.53022425619290
5.59432570616938
5.65917016324624
5.72476623970218
5.79112264764176
5.85824820015254
5.92615181247555
5.99484250318941
6.06432939540806
6.13462171799251
6.20572880677650
6.27766010580650
6.35042516859596
6.42403365939419
6.49849535446989
6.57382014340959
6.65001803043112
6.72709913571234
6.80507369673521
6.88395206964550
6.96374473062822
7.04446227729904
7.12611543011175
7.20871503378214
7.29227205872831
7.37679760252773
7.46230289139111
7.54879928165343
7.63629826128224
7.72481145140340
7.81435060784454
7.90492762269642
7.99655452589235
8.08924348680594
8.18300681586739
8.27785696619847
8.37380653526649
8.47086826655740
8.56905505126835
8.66837993001978
8.76885609458743
8.87049688965440
8.97331581458352
9.07732652521022
9.18254283565628
9.28897872016450
9.39664831495469
9.50556592010119
9.61574600143210
9.72720319245054
9.83995229627823
9.95400828762152
10.0693863147603
10.1861017015598
10.3041699495059
10.4236067397640
10.5444279352617
10.6666495827954
10.7902879151618
10.9153593533139
11.0418805085416
11.1698681846782
11.2993393803322
11.4303112911448
11.5628013120738
11.6968270397038
11.8324062745838
11.9695570235904
12.1082975023204
12.2486461375093
12.3906215694792
12.5342426546140
12.6795284678643
12.8264983052806
12.9751716865759
13.1255683577184
13.2777082935543
13.4316117004602
13.5872990190271
13.7447909267754
13.9041083409007
14.0652724210524
14.2283045721435
14.3932264471941
14.5600599502065
14.7288272390750
14.8995507285286
15.0722530931076
15.2469572701757
15.4236864629663
15.6024641436637
15.7833140565212
15.9662602210143
16.1513269350309
16.3385387780986
16.5279206146490
16.7194975973199
16.9132951702965
17.1093390726902
17.3076553419573
17.5082703173573
17.7112106434509
17.9165032736390
18.1241754737424
18.3342548256229
18.5467692308470
18.7617469143912
18.9792164283910
19.1992066559328
19.4217468148903
19.6468664618045
19.8745954958098
20.1049641626050
20.3380030584698
20.5737431343291
20.8122156998634
21.0534524276671
21.2974853574552
21.5443469003188
21.7940698430296
22.0466873523941
22.3022329796594
22.5607406649686
22.8222447418690
23.0867799418717
23.3543813990648
23.6250846547795
23.8989256623105
24.1759407916913
24.4561668345245
24.7396410088681
25.0264009641792
25.3164847863136
25.6099310025846
25.9067785868801
26.2070669648385
26.5108360190854
26.8181260945302
27.1289780037247
27.4434330322837
27.7615329443680
28.0833199882317
28.4088369018330
28.7381269185107
29.0712337727258
29.4082017058706
29.7490754721444
30.0939003444972
30.4427221206430
30.7955871291423
31.1525422355549
31.5136348486648
31.8789129267765
32.2484249840844
32.6222200971167
33.0003479112529
33.3828586473176
33.7698031082509
34.1612326858553
34.5571993676214
34.9577557436328
35.3629550135504
35.7728509936787
36.1874981241128
36.6069514759690
37.0312667586993
37.4605003274899
37.8947091907467
38.3339510176660
38.7782841458946
39.2277675892772
39.6824610456948
40.1424249049932
40.6077202570037
41.0784088996565
41.5545533471888
42.0362168384471
42.5234633452868
43.0163575810680
43.5149650092505
44.0193518520888
44.5295850994266
45.0457325175946
45.5678626584106
46.0960448682843
46.6303492974273
47.1708469091702
47.7176094893875
48.2707096560318
48.8302208687788
49.3962174387832
49.9687745385488
50.5479682119124
51.1338753841433
51.7265738721602
52.3261423948666
52.9326605836056
53.5462089927361
54.1668691103315
54.7947233690029
55.4298551568467
56.0723488285203
56.7222897164454
57.3797641421413
58.0448594276898
58.7176639073326
59.3982669392036
60.0867589171969
60.7832312829723
61.4877765381002
62.2004882563471
62.9214610961034
63.6507908129557
64.3885742724042
65.1349094627280
65.8898955079995
66.6536326812491
67.4262224177834
68.2077673286569
68.9983712143002
69.7981390783066
70.6071771413777
71.4255928554313
72.2534949178722
73.0909932860291
73.9381991917587
74.7952251562182
75.6621850048106
76.5391938823015
77.4263682681127
78.3238259917920
79.2316862486625
80.1500696156541
81.0790980673169
82.0188949920220
82.9695852083491
83.9312949816636
84.9041520408875
85.8882855954625
86.8838263525119
87.8909065341995
88.9096598952916
89.9402217409204
90.9827289445556
92.0373199661822
93.1041348706908
94.1833153464795
95.2750047242729
96.3793479961579
97.4964918348409
98.6265846131282
99.7697764236320
100.926219098705
102.096066230605
103.279473191895
104.476597156081
105.687597118481
106.912633917348
108.151870255229
109.405470720574
110.673601809597
111.956431948388
113.254131515281
114.566872863487
115.894830343981
117.238180328660
118.597101233767
119.971773543589
121.362379834424
122.769104798836
124.192135270178
125.631660247412
127.087870920206
128.560960694330
130.051125217341
131.558562404571
133.083472465408
134.626057929891
136.186523675608
137.765076954906
139.361927422414
140.977287162897
142.611370719413
144.264395121816
145.936579915576
147.628147190939
149.339321612425
151.070330448666
152.821403602587
154.592773641948
156.384675830225
158.197348157860
160.031031373870
161.885969017820
163.762407452169
165.660595894992
167.580786453077
169.523234155412
171.488196987054
173.475935923393
175.486714964815
177.520801171764
179.578464700210
181.659978837533
183.765620038817
185.895667963569
188.050405512858
190.230118866895
192.435097523033
194.665634334226
196.922025547917
199.204570845387
201.513573381556
203.849339825246
206.212180399914
208.602408924851
211.020342856860
213.466303332425
215.940615210357
218.443607114943
220.975611479590
223.536964590980
226.128006633728
228.749081735570
231.400538013065
234.082727617829
236.796006783308
239.540735872088
242.317279423760
245.126006203334
247.967289250216
250.841505927754
253.749037973357
256.690271549195
259.665597293487
262.675410372384
265.720110532451
268.800102153761
271.915794303602
275.067600790807
278.255940220713
281.481236050758
284.743916646725
288.044415339630
291.383170483279
294.760625512486
298.177229001967
301.633434725920
305.129701718287
308.666494333727
312.244282309286
315.863540826782
319.524750575921
323.228397818138
326.974974451177
330.764978074424
334.598912054997
338.477285594598
342.400613797143
346.369417737173
350.384224529068
354.445567397044
358.553985745982
362.710025233065
366.914237840249
371.167181947577
375.469422407334
379.821530619074
384.224084605506
388.677669089267
393.182875570577
397.740302405804
402.350554886929
407.014245321944
411.731993116168
416.504424854519
421.332174384729
426.215882901533
431.156199031823
436.153778920801
441.209286319119
446.323392671040
451.496777203610
456.730127016875
462.024137175131
467.379510799246
472.796959160039
478.277201772749
483.820966492596
489.428989611453
495.102015955635
500.840798984821
506.646100892127
512.518692705333
518.459354389291
524.468874949512
530.548052536958
536.697694554048
542.918617761894
549.211648388779
555.577622239888
562.017384808319
568.531791387375
575.121707184161
581.788007434494
588.531577519145
595.353313081437
602.254120146193
609.234915240071
616.296625513294
623.440188862786
630.666554056741
637.976680860628
645.371540164670
652.852114112785
660.419396233031
668.074391569562
675.818116816111
683.651600451024
691.575882873853
699.592016543538
707.701066118189
715.904108596489
724.202233460732
732.596542821523
741.088151564157
749.678187496688
758.367791499719
767.158117677930
776.050333513357
785.045620020451
794.145171902934
803.350197712474
812.661920009195
822.081575524054
831.610415323096
841.249704973612
851.000724712225
860.864769614924
870.843149769072
880.937190447399
891.148232284020
901.477631452492
911.926759845930
922.497005259217
933.189771573324
944.006478941760
954.948563979197
966.017479952265
977.214696972573
988.541702191957
1000