89.6562270926822
89.6522424240760
89.6482115701972
89.6441339957587
89.6400091592708
89.6358365129691
89.6316155027419
89.6273455680569
89.6230261418865
89.6186566506331
89.6142365140524
89.6097651451768
89.6052419502375
89.6006663285858
89.5960376726134
89.5913553676716
89.5866187919904
89.5818273165950
89.5769803052237
89.5720771142425
89.5671170925600
89.5620995815417
89.5570239149217
89.5518894187151
89.5466954111282
89.5414412024685
89.5361260950529
89.5307493831156
89.5253103527143
89.5198082816354
89.5142424392988
89.5086120866606
89.5029164761155
89.4971548513974
89.4913264474795
89.4854304904726
89.4794661975231
89.4734327767085
89.4673294269334
89.4611553378224
89.4549096896137
89.4485916530498
89.4422003892680
89.4357350496893
89.4291947759059
89.4225786995677
89.4158859422671
89.4091156154229
89.4022668201624
89.3953386472028
89.3883301767304
89.3812404782793
89.3740686106077
89.3668136215740
89.3594745480101
89.3520504155946
89.3445402387233
89.3369430203794
89.3292577520011
89.3214834133484
89.3136189723684
89.3056633850583
89.2976155953277
89.2894745348591
89.2812391229663
89.2729082664517
89.2644808594617
89.2559557833410
89.2473319064841
89.2386080841863
89.2297831584922
89.2208559580428
89.2118252979208
89.2026899794941
89.1934487902577
89.1841005036733
89.1746438790075
89.1650776611682
89.1554005805386
89.1456113528103
89.1357086788129
89.1256912443436
89.1155577199934
89.1053067609716
89.0949370069289
89.0844470817779
89.0738355935116
89.0631011340201
89.0522422789052
89.0412575872925
89.0301456016417
89.0189048475547
89.0075338335817
88.9960310510245
88.9843949737382
88.9726240579303
88.9607167419578
88.9486714461216
88.9364865724588
88.9241605045330
88.9116916072215
88.8990782265004
88.8863186892278
88.8734113029236
88.8603543555476
88.8471461152748
88.8337848302677
88.8202687284473
88.8065960172600
88.7927648834430
88.7787734927866
88.7646199898935
88.7503024979365
88.7358191184121
88.7211679308925
88.7063469927739
88.6913543390227
88.6761879819186
88.6608459107943
88.6453260917736
88.6296264675051
88.6137449568940
88.5976794548301
88.5814278319136
88.5649879341776
88.5483575828065
88.5315345738531
88.5145166779511
88.4973016400251
88.4798871789971
88.4622709874899
88.4444507315273
88.4264240502310
88.4081885555138
88.3897418317698
88.3710814355614
88.3522048953020
88.3331097109364
88.3137933536168
88.2942532653755
88.2744868587944
88.2544915166703
88.2342645916771
88.2138034060242
88.1931052511107
88.1721673871767
88.1509870429504
88.1295614152910
88.1078876688287
88.0859629356001
88.0637843146797
88.0413488718081
88.0186536390153
87.9956956142412
87.9724717609504
87.9489790077449
87.9252142479708
87.9011743393225
87.8768561034412
87.8522563255107
87.8273717538477
87.8021990994883
87.7767350357707
87.7509761979126
87.7249191825850
87.6985605474813
87.6718968108814
87.6449244512127
87.6176399066053
87.5900395744433
87.5621198109110
87.5338769305356
87.5053072057237
87.4764068662947
87.4471720990081
87.4175990470874
87.3876838097381
87.3574224416619
87.3268109525652
87.2958453066634
87.2645214221801
87.2328351708416
87.2007823773660
87.1683588189481
87.1355602247384
87.1023822753185
87.0688206021699
87.0348707871385
87.0005283618950
86.9657888073883
86.9306475532953
86.8950999774653
86.8591414053589
86.8227671094819
86.7859723088145
86.7487521682349
86.7111017979376
86.6730162528472
86.6344905320264
86.5955195780791
86.5560982765480
86.5162214553078
86.4758838839522
86.4350802731762
86.3938052741536
86.3520534779088
86.3098194146832
86.2670975532972
86.2238823005070
86.1801680003550
86.1359489335171
86.0912193166433
86.0459733016939
86.0002049752707
85.9539083579430
85.9070774035688
85.8597059986109
85.8117879614483
85.7633170416824
85.7142869194391
85.6646912046653
85.6145234364211
85.5637770821677
85.5124455370500
85.4605221231754
85.4080000888875
85.3548726080361
85.3011327792426
85.2467736251609
85.1917880917348
85.1361690474510
85.0799092825886
85.0230015084638
84.9654383566725
84.9072123783277
84.8483160432951
84.7887417394233
84.7284817717735
84.6675283618436
84.6058736467909
84.5435096786520
84.4804284235598
84.4166217609580
84.3520814828137
84.2867992928282
84.2207668056455
84.1539755460593
84.0864169482191
84.0180823548344
83.9489630163784
83.8790500902912
83.8083346401820
83.7368076350315
83.6644599483942
83.5912823576013
83.5172655429640
83.4424000869776
83.3666764735278
83.2900850870968
83.2126162119735
83.1342600314639
83.0550066271056
82.9748459778844
82.8937679594549
82.8117623433637
82.7288187962784
82.6449268792197
82.5600760467989
82.4742556464613
82.3874549177347
82.2996629914846
82.2108688891760
82.1210615221428
82.0302296908643
81.9383620842507
81.8454472789370
81.7514737385858
81.6564298132007
81.5603037384498
81.4630836349999
81.3647575078625
81.2653132457519
81.1647386204560
81.0630212862201
80.9601487791454
80.8561085166010
80.7508877966521
80.6444737975034
80.5368535769588
80.4280140718988
80.3179420977755
80.2066243481253
80.0940473941017
79.9801976840272
79.8650615429654
79.7486251723148
79.6308746494238
79.5117959272276
79.3913748339093
79.2695970725828
79.1464482210019
79.0219137312921
78.8959789297093
78.7686290164236
78.6398490653295
78.5096240238835
78.3779387129686
78.2447778267867
78.1101259327792
77.9739674715761
77.8362867569742
77.6970679759435
77.5562951886643
77.4139523285917
77.2700232025513
77.1244914908630
76.9773407474942
76.8285544002426
76.6781157509463
76.5260079757234
76.3722141252384
76.2167171249953
76.0594997756571
75.9005447533901
75.7398346102320
75.5773517744822
75.4130785511131
75.2469971222008
75.0790895473720
74.9093377642666
74.7377235890122
74.5642287167083
74.3888347219164
74.2115230591541
74.0322750633877
73.8510719505205
73.6678948178712
73.4827246446387
73.2955422923471
73.1063285052648
72.9150639107927
72.7217290198127
72.5263042269913
72.3287698110274
72.1291059348389
71.9272926456753
71.7233098751493
71.5171374391739
71.3087550377946
71.0981422549038
70.8852785578234
70.6701432967422
70.4527157039901
70.2329748931350
70.0108998578823
69.7864694707596
69.5596624815634
69.3304575155491
69.0988330713372
68.8647675185137
68.6282390948955
68.3892259034326
68.1477059087175
67.9036569330680
67.6570566521482
67.4078825900919
67.1561121140872
66.9017224283803
66.6446905676551
66.3849933897378
66.1226075675770
65.8575095804450
65.5896757043009
65.3190820012551
65.0457043080678
64.7695182236130
64.4904990952309
64.2086220038922
63.9238617480861
63.6361928263438
63.3455894183007
63.0520253641939
62.7554741426861
62.4559088468991
62.1533021585328
61.8476263199355
61.5388531039853
61.2269537816307
60.9118990869284
60.5936591794057
60.2722036035641
59.9475012453243
59.6195202852042
59.2882281480016
58.9535914487410
58.6155759346234
58.2741464227030
57.9292667329896
57.5808996166586
57.2290066790219
56.8735482968904
56.5144835299301
56.1517700255803
55.7853639170731
55.4152197140551
55.0412901852705
54.6635262327263
54.2818767567076
53.8962885109627
53.5067059473194
53.1130710489317
52.7153231512881
52.3133987500373
51.9072312946027
51.4967509664703
51.0818844409288
50.6625546309341
50.2386804116461
49.8101763240497
49.3769522559247
48.9389130982609
48.4959583750306
48.0479818440281
47.5948710662573
47.1365069410944
46.6727632041746
46.2035058846320
45.7285927179773
45.2478725105006
44.7611844506516
44.2683573623552
43.7692088946731
43.2635446415998
42.7511571850894
42.2318250536270
41.7053115877758
41.1713637031424
40.6297105400796
40.0800619881793
39.5221070721797
38.9555121842876
38.3799191460809
37.7949430810723
37.2001700766520
36.5951546114399
35.9794167210220
35.3524388715750
34.7136625069243
34.0624842300853
33.3982515752092
32.7202583200245
32.0277392822257
31.3198645357209
30.5957329740761
29.8543651387891
29.0946952190454
28.3155621172437
27.5156994607075
26.6937244245466
25.8481252135565
24.9772470323843
24.0792763531367
23.1522232685218
22.1939016971980
21.2019071873915
20.1735920468579
19.1060375146933
17.9960226875691
16.8399899258861
15.6340065032196
14.3737223383662
13.0543237820041
11.6704836458335
10.2163079977970
8.68528075304285
7.07020783463815
5.36316375003839
3.55544494254838
1.63753636862200
-0.400899425929584
-2.57099776162195
-4.88461419129719
-7.35417062290466
-9.99239603637352
-12.8119271285656
-15.8247311260333
-19.0413154981657
-22.4697020016320
-26.1141710096048
-29.9738313692179
-34.0411418431446
-38.3005938909104
-42.7278392694514
-47.2895728303425
-51.9444212114840
-56.6449223877091
-61.3404351389721
-65.9805686874315
-70.5185706511716
-74.9141239631604
-79.1351747612165
-83.1586677416107
-86.9703036246287
-90.5635843382283
-93.9384569199562
-97.0998310119651
-100.056167697137
-102.818254528440
-105.398213607691
-107.808743429873
-110.062569285116
-112.172066095342
-114.149016114212
-116.004467517214
-117.748665574832
-119.391034086120
-120.940190171450
-122.403980039005
-123.789526904101
-125.103284949272
-126.351095213238
-127.538240739435
-128.669499333783
-129.749192986887
-130.781233493976
-131.769164121844
-132.716197374091
-133.625249029211
-134.498968695549
-135.339767160851
-136.149840824247
-136.931193493938
-137.685655820250
-138.414902615262
-139.120468289339
-139.803760613537
-140.466072995805
-141.108595439106
-141.732424331079
-142.338571198058
-142.927970541001
-143.501486857286
-144.059920940090
-144.604015536361
-145.134460434770
-145.651897046689
-146.156922535760
-146.650093545161
-147.131929565902
-147.602915984478
-148.063506843777
-148.514127347251
-148.955176132951
-149.387027341026
-149.810032495643
-150.224522219958
-150.630807800725
-151.029182617316
-151.419923448336
-151.803291667608
-152.179534340047
-152.548885226852
-152.911565708463
-153.267785632839
-153.617744095896
-153.961630160188
-154.299623517361
-154.631895099346
-154.958607642749
-155.279916210513
-155.595968674475
-155.906906162165
-156.212863470815
-156.513969451313
-156.810347364570
-157.102115212544
-157.389386045959
-157.672268250578
-157.950865813724
-158.225278572605
-158.495602445825
-158.761929649410
-159.024348898487
-159.282945595730
-159.537802007535
-159.788997428854
-160.036608337496
-160.280708538681
-160.521369300539
-160.758659481194
-160.992645648047
-161.223392189780
-161.450961421616
-161.675413684270
-161.896807437051
-162.115199345485
-162.330644363850
-162.543195812946
-162.752905453431
-162.959823554989
-163.163998961635
-163.365479153376
-163.564310304478
-163.760537338555
-163.954203980667
-164.145352806632
-164.334025289713
-164.520261844846
-164.704101870556
-164.885583788711
-165.064745082227
-165.241622330867
-165.416251245232
-165.588666699057
-165.758902759906
-165.926992718370
-166.092969115842
-166.256863770954
-166.418707804757
-166.578531664713
-166.736365147557
-166.892237421107
-167.046177045062
-167.198211990866
-167.348369660663
-167.496676905413
-167.643160042208
-167.787844870819
-167.930756689536
-168.071920310317
-168.211360073301
-168.349099860700
-168.485163110112
-168.619572827294
-168.752351598392
-168.883521601694
-169.013104618895
-169.141122045927
-169.267594903353
-169.392543846359
-169.515989174360
-169.637950840240
-169.758448459237
-169.877501317505
-169.995128380346
-170.111348300151
-170.226179424045
-170.339639801260
-170.451747190245
-170.562519065527
-170.671972624327
-170.780124792959
-170.886992232996
-170.992591347240
-171.096938285484
-171.200048950089
-171.301939001374
-171.402623862833
-171.502118726189
-171.600438556276
-171.697598095781
-171.793611869831
-171.888494190440
-171.982259160822
-172.074920679575
-172.166492444735
-172.256987957721
-172.346420527152
-172.434803272563
-172.522149128016
-172.608470845598
-172.693780998835
-172.778091986001
-172.861416033343
-172.943765198217
-173.025151372136
-173.105586283743
-173.185081501701
-173.263648437515
-173.341298348272
-173.418042339318
-173.493891366867
-173.568856240540
-173.642947625850
-173.716176046619
-173.788551887336
-173.860085395468
-173.930786683706
-174.000665732161
-174.069732390513
-174.137996380109
-174.205467296006
-174.272154608982
-174.338067667487
-174.403215699563
-174.467607814716
-174.531253005744
-174.594160150538
-174.656338013831
-174.717795248916
-174.778540399331
-174.838581900505
-174.897928081370
-174.956587165944
-175.014567274876
-175.071876426969
-175.128522540664
-175.184513435499
-175.239856833541
-175.294560360786
-175.348631548539
-175.402077834759
-175.454906565387
-175.507124995641
-175.558740291299
-175.609759529944
-175.660189702197
-175.710037712923
-175.759310382420
-175.808014447575
-175.856156563018
-175.903743302240
-175.950781158696
-175.997276546895
-176.043235803465
-176.088665188198
-176.133570885085
-176.177959003329
-176.221835578337
-176.265206572707
-176.308077877187
-176.350455311623
-176.392344625897
-176.433751500836
-176.474681549124
-176.515140316185
-176.555133281060
-176.594665857265
-176.633743393644
-176.672371175195
-176.710554423900
-176.748298299525
-176.785607900424
-176.822488264319
-176.858944369072
-176.894981133446
-176.930603417858
-176.965816025112
-177.000623701127
-177.035031135658
-177.069042962996
-177.102663762668
-177.135898060120
-177.168750327395
-177.201224983795
-177.233326396544
-177.265058881426
-177.296426703432
-177.327434077383
-177.358085168551
-177.388384093272
-177.418334919547
-177.447941667638
-177.477208310652
-177.506138775119
-177.534736941567
-177.563006645076
-177.590951675841
-177.618575779713
-177.645882658742
-177.672875971706
-177.699559334640
-177.725936321354
-177.752010463940
-177.777785253280
-177.803264139545
-177.828450532680
-177.853347802897
-177.877959281146
-177.902288259590
-177.926337992072
-177.950111694572
-177.973612545664
-177.996843686960
-178.019808223556
-178.042509224463
-178.064949723046
-178.087132717440
-178.109061170975
-178.130738012592
-178.152166137245
-178.173348406313
-178.194287647994
-178.214986657699
-178.235448198442
-178.255675001224
-178.275669765409
-178.295435159104
-178.314973819521
-178.334288353349
-178.353381337110
-178.372255317517
-178.390912811822
-178.409356308169
-178.427588265931
-178.445611116051
-178.463427261377
-178.481039076991
-178.498448910534
-178.515659082533
-178.532671886712
-178.549489590313
-178.566114434401
-178.582548634174
-178.598794379265
-178.614853834041
-178.630729137899
-178.646422405557
-178.661935727343
-178.677271169480
-178.692430774368
-178.707416560859
-178.722230524536
-178.736874637983
-178.751350851051
-178.765661091125
-178.779807263386
-178.793791251065
-178.807614915708
-178.821280097416
-178.834788615106
-178.848142266749
-178.861342829617
-178.874392060525
-178.887291696065
-178.900043452842
-178.912649027708
-178.925110097990
-178.937428321714
-178.949605337834
-178.961642766448
-178.973542209021
-178.985305248597
-178.996933450016
-179.008428360121
-179.019791507971
-179.031024405044
-179.042128545438
-179.053105406079
-179.063956446913
-179.074683111107
-179.085286825241
-179.095768999498
-179.106131027858
-179.116374288281
-179.126500142895
-179.136509938177
-179.146405005136
-179.156186659490
-179.165856201840
-179.175414917850
-179.184864078417
-179.194204939840
-179.203438743989
-179.212566718475
-179.221590076807
-179.230510018563
-179.239327729546
-179.248044381942
-179.256661134481
-179.265179132588
-179.273599508538
-179.281923381609
-179.290151858230
-179.298286032129
-179.306326984479
-179.314275784046
-179.322133487325
-179.329901138690
-179.337579770525
-179.345170403370
-179.352674046051
-179.360091695817
-179.367424338476
-179.374672948521
-179.381838489266
-179.388921912971
-179.395924160970
-179.402846163798
-179.409688841311
-179.416453102816
-179.423139847186
-179.429749962983
-179.436284328574
-179.442743812253
-179.449129272351
-179.455441557355
-179.461681506019
-179.467849947476
-179.473947701350
-179.479975577864
-179.485934377947
-179.491824893343
-179.497647906716
-179.503404191754
-179.509094513270
-179.514719627309
-179.520280281244
-179.525777213877
-179.531211155539
-179.536582828186
-179.541892945494
-179.547142212957
-179.552331327978
-179.557460979964
-179.562531850417
-179.567544613024
-179.572499933750
-179.577398470920
-179.582240875314
-179.587027790252
-179.591759851673
-179.596437688230
-179.601061921365
-179.605633165398
-179.610152027604
-179.614619108298
-179.619035000910
-179.623400292068
-179.627715561676
-179.631981382989
-179.636198322690
-179.640366940966
-179.644487791584
-179.648561421959
-179.652588373234
-179.656569180348
-179.660504372107
-179.664394471257
-179.668239994551
-179.672041452817
-179.675799351030
-179.679514188376
-179.683186458319
-179.686816648665
-179.690405241630
-179.693952713905
-179.697459536713
-179.700926175878
-179.704353091885
-179.707740739940
-179.711089570033
-179.714400026994
-179.717672550557
-179.720907575414
-179.724105531276
-179.727266842928
-179.730391930288
-179.733481208460
-179.736535087790
-179.739553973921
-179.742538267849
-179.745488365971
-179.748404660143
-179.751287537731
-179.754137381657
-179.756954570461
-179.759739478338
-179.762492475199
-179.765213926714
-179.767904194362
-179.770563635480
-179.773192603309
-179.775791447042
-179.778360511871
-179.780900139031
-179.783410665846
-179.785892425775
-179.788345748456
-179.790770959748
-179.793168381776
-179.795538332974
-179.797881128126
-179.800197078410
-179.802486491436
-179.804749671290
-179.806986918572
-179.809198530440
-179.811384800643
-179.813546019567
-179.815682474267
-179.817794448512
-179.819882222816
-179.821946074480
-179.823986277628
-179.826003103239
-179.827996819192
-179.829967690293
-179.831915978312
-179.833841942024